# Множество сингулярных чисел передаточной функции G(s) = (sI - A_cl)⁻¹ B_f
# Формат: ω (рад/с) | σ_max(ω) | σ_min(ω)
# H∞-норма: ||G||_∞ = 2.304457 при ω = 0.010000 рад/с
# γ_min = 0.100000
# K = [[10412.531679993053, -11113.654938176871]]
#
1.000000e-02  2.304457e+00  0.000000e+00
1.009262e-02  2.304450e+00  0.000000e+00
1.018610e-02  2.304444e+00  0.000000e+00
1.028045e-02  2.304437e+00  0.000000e+00
1.037567e-02  2.304430e+00  0.000000e+00
1.047177e-02  2.304423e+00  0.000000e+00
1.056876e-02  2.304416e+00  0.000000e+00
1.066665e-02  2.304409e+00  0.000000e+00
1.076545e-02  2.304402e+00  0.000000e+00
1.086516e-02  2.304394e+00  0.000000e+00
1.096579e-02  2.304387e+00  0.000000e+00
1.106736e-02  2.304379e+00  0.000000e+00
1.116987e-02  2.304371e+00  0.000000e+00
1.127333e-02  2.304363e+00  0.000000e+00
1.137774e-02  2.304355e+00  0.000000e+00
1.148312e-02  2.304346e+00  0.000000e+00
1.158948e-02  2.304338e+00  0.000000e+00
1.169683e-02  2.304329e+00  0.000000e+00
1.180517e-02  2.304320e+00  0.000000e+00
1.191451e-02  2.304311e+00  0.000000e+00
1.202486e-02  2.304302e+00  0.000000e+00
1.213624e-02  2.304293e+00  0.000000e+00
1.224865e-02  2.304283e+00  0.000000e+00
1.236210e-02  2.304274e+00  0.000000e+00
1.247660e-02  2.304264e+00  0.000000e+00
1.259216e-02  2.304254e+00  0.000000e+00
1.270879e-02  2.304244e+00  0.000000e+00
1.282650e-02  2.304233e+00  0.000000e+00
1.294530e-02  2.304223e+00  0.000000e+00
1.306520e-02  2.304212e+00  0.000000e+00
1.318621e-02  2.304201e+00  0.000000e+00
1.330835e-02  2.304190e+00  0.000000e+00
1.343161e-02  2.304178e+00  0.000000e+00
1.355602e-02  2.304167e+00  0.000000e+00
1.368158e-02  2.304155e+00  0.000000e+00
1.380830e-02  2.304143e+00  0.000000e+00
1.393619e-02  2.304130e+00  0.000000e+00
1.406527e-02  2.304118e+00  0.000000e+00
1.419555e-02  2.304105e+00  0.000000e+00
1.432703e-02  2.304092e+00  0.000000e+00
1.445973e-02  2.304079e+00  0.000000e+00
1.459366e-02  2.304065e+00  0.000000e+00
1.472883e-02  2.304052e+00  0.000000e+00
1.486525e-02  2.304038e+00  0.000000e+00
1.500293e-02  2.304023e+00  0.000000e+00
1.514189e-02  2.304009e+00  0.000000e+00
1.528214e-02  2.303994e+00  0.000000e+00
1.542369e-02  2.303979e+00  0.000000e+00
1.556654e-02  2.303964e+00  0.000000e+00
1.571072e-02  2.303948e+00  0.000000e+00
1.585624e-02  2.303932e+00  0.000000e+00
1.600310e-02  2.303916e+00  0.000000e+00
1.615133e-02  2.303899e+00  0.000000e+00
1.630092e-02  2.303883e+00  0.000000e+00
1.645191e-02  2.303865e+00  0.000000e+00
1.660429e-02  2.303848e+00  0.000000e+00
1.675808e-02  2.303830e+00  0.000000e+00
1.691330e-02  2.303812e+00  0.000000e+00
1.706995e-02  2.303794e+00  0.000000e+00
1.722805e-02  2.303775e+00  0.000000e+00
1.738762e-02  2.303756e+00  0.000000e+00
1.754867e-02  2.303736e+00  0.000000e+00
1.771121e-02  2.303716e+00  0.000000e+00
1.787526e-02  2.303696e+00  0.000000e+00
1.804082e-02  2.303676e+00  0.000000e+00
1.820792e-02  2.303655e+00  0.000000e+00
1.837656e-02  2.303633e+00  0.000000e+00
1.854677e-02  2.303611e+00  0.000000e+00
1.871855e-02  2.303589e+00  0.000000e+00
1.889193e-02  2.303567e+00  0.000000e+00
1.906691e-02  2.303544e+00  0.000000e+00
1.924351e-02  2.303520e+00  0.000000e+00
1.942175e-02  2.303496e+00  0.000000e+00
1.960163e-02  2.303472e+00  0.000000e+00
1.978319e-02  2.303447e+00  0.000000e+00
1.996642e-02  2.303422e+00  0.000000e+00
2.015136e-02  2.303396e+00  0.000000e+00
2.033800e-02  2.303370e+00  0.000000e+00
2.052638e-02  2.303344e+00  0.000000e+00
2.071650e-02  2.303316e+00  0.000000e+00
2.090838e-02  2.303289e+00  0.000000e+00
2.110203e-02  2.303261e+00  0.000000e+00
2.129749e-02  2.303232e+00  0.000000e+00
2.149475e-02  2.303203e+00  0.000000e+00
2.169384e-02  2.303173e+00  0.000000e+00
2.189477e-02  2.303143e+00  0.000000e+00
2.209756e-02  2.303112e+00  0.000000e+00
2.230223e-02  2.303080e+00  0.000000e+00
2.250880e-02  2.303048e+00  0.000000e+00
2.271728e-02  2.303016e+00  0.000000e+00
2.292769e-02  2.302982e+00  0.000000e+00
2.314005e-02  2.302948e+00  0.000000e+00
2.335438e-02  2.302914e+00  0.000000e+00
2.357069e-02  2.302879e+00  0.000000e+00
2.378901e-02  2.302843e+00  0.000000e+00
2.400935e-02  2.302807e+00  0.000000e+00
2.423173e-02  2.302770e+00  0.000000e+00
2.445617e-02  2.302732e+00  0.000000e+00
2.468268e-02  2.302693e+00  0.000000e+00
2.491130e-02  2.302654e+00  0.000000e+00
2.514203e-02  2.302614e+00  0.000000e+00
2.537490e-02  2.302573e+00  0.000000e+00
2.560993e-02  2.302532e+00  0.000000e+00
2.584714e-02  2.302490e+00  0.000000e+00
2.608654e-02  2.302447e+00  0.000000e+00
2.632815e-02  2.302403e+00  0.000000e+00
2.657201e-02  2.302358e+00  0.000000e+00
2.681813e-02  2.302313e+00  0.000000e+00
2.706652e-02  2.302267e+00  0.000000e+00
2.731722e-02  2.302219e+00  0.000000e+00
2.757023e-02  2.302171e+00  0.000000e+00
2.782559e-02  2.302123e+00  0.000000e+00
2.808332e-02  2.302073e+00  0.000000e+00
2.834343e-02  2.302022e+00  0.000000e+00
2.860596e-02  2.301970e+00  0.000000e+00
2.887091e-02  2.301918e+00  0.000000e+00
2.913832e-02  2.301864e+00  0.000000e+00
2.940820e-02  2.301809e+00  0.000000e+00
2.968059e-02  2.301754e+00  0.000000e+00
2.995549e-02  2.301697e+00  0.000000e+00
3.023295e-02  2.301639e+00  0.000000e+00
3.051297e-02  2.301581e+00  0.000000e+00
3.079559e-02  2.301521e+00  0.000000e+00
3.108082e-02  2.301460e+00  0.000000e+00
3.136870e-02  2.301398e+00  0.000000e+00
3.165924e-02  2.301335e+00  0.000000e+00
3.195248e-02  2.301270e+00  0.000000e+00
3.224842e-02  2.301205e+00  0.000000e+00
3.254712e-02  2.301138e+00  0.000000e+00
3.284857e-02  2.301070e+00  0.000000e+00
3.315282e-02  2.301000e+00  0.000000e+00
3.345989e-02  2.300930e+00  0.000000e+00
3.376980e-02  2.300858e+00  0.000000e+00
3.408259e-02  2.300785e+00  0.000000e+00
3.439826e-02  2.300710e+00  0.000000e+00
3.471687e-02  2.300634e+00  0.000000e+00
3.503842e-02  2.300557e+00  0.000000e+00
3.536296e-02  2.300478e+00  0.000000e+00
3.569049e-02  2.300398e+00  0.000000e+00
3.602107e-02  2.300316e+00  0.000000e+00
3.635470e-02  2.300233e+00  0.000000e+00
3.669142e-02  2.300148e+00  0.000000e+00
3.703127e-02  2.300061e+00  0.000000e+00
3.737426e-02  2.299973e+00  0.000000e+00
3.772042e-02  2.299884e+00  0.000000e+00
3.806980e-02  2.299792e+00  0.000000e+00
3.842241e-02  2.299700e+00  0.000000e+00
3.877828e-02  2.299605e+00  0.000000e+00
3.913746e-02  2.299508e+00  0.000000e+00
3.949995e-02  2.299410e+00  0.000000e+00
3.986581e-02  2.299310e+00  0.000000e+00
4.023506e-02  2.299208e+00  0.000000e+00
4.060772e-02  2.299105e+00  0.000000e+00
4.098384e-02  2.298999e+00  0.000000e+00
4.136344e-02  2.298891e+00  0.000000e+00
4.174655e-02  2.298782e+00  0.000000e+00
4.213322e-02  2.298670e+00  0.000000e+00
4.252346e-02  2.298556e+00  0.000000e+00
4.291732e-02  2.298441e+00  0.000000e+00
4.331483e-02  2.298323e+00  0.000000e+00
4.371602e-02  2.298203e+00  0.000000e+00
4.412093e-02  2.298080e+00  0.000000e+00
4.452959e-02  2.297956e+00  0.000000e+00
4.494203e-02  2.297829e+00  0.000000e+00
4.535829e-02  2.297700e+00  0.000000e+00
4.577841e-02  2.297568e+00  0.000000e+00
4.620241e-02  2.297434e+00  0.000000e+00
4.663035e-02  2.297298e+00  0.000000e+00
4.706225e-02  2.297159e+00  0.000000e+00
4.749815e-02  2.297017e+00  0.000000e+00
4.793808e-02  2.296873e+00  0.000000e+00
4.838210e-02  2.296726e+00  0.000000e+00
4.883022e-02  2.296577e+00  0.000000e+00
4.928250e-02  2.296424e+00  0.000000e+00
4.973896e-02  2.296269e+00  0.000000e+00
5.019965e-02  2.296111e+00  0.000000e+00
5.066461e-02  2.295950e+00  0.000000e+00
5.113388e-02  2.295787e+00  0.000000e+00
5.160749e-02  2.295620e+00  0.000000e+00
5.208549e-02  2.295450e+00  0.000000e+00
5.256791e-02  2.295277e+00  0.000000e+00
5.305481e-02  2.295101e+00  0.000000e+00
5.354621e-02  2.294921e+00  0.000000e+00
5.404216e-02  2.294739e+00  0.000000e+00
5.454271e-02  2.294553e+00  0.000000e+00
5.504790e-02  2.294363e+00  0.000000e+00
5.555776e-02  2.294170e+00  0.000000e+00
5.607235e-02  2.293974e+00  0.000000e+00
5.659170e-02  2.293774e+00  0.000000e+00
5.711586e-02  2.293570e+00  0.000000e+00
5.764488e-02  2.293362e+00  0.000000e+00
5.817880e-02  2.293151e+00  0.000000e+00
5.871766e-02  2.292936e+00  0.000000e+00
5.926152e-02  2.292717e+00  0.000000e+00
5.981041e-02  2.292493e+00  0.000000e+00
6.036439e-02  2.292266e+00  0.000000e+00
6.092349e-02  2.292035e+00  0.000000e+00
6.148778e-02  2.291799e+00  0.000000e+00
6.205729e-02  2.291559e+00  0.000000e+00
6.263207e-02  2.291315e+00  0.000000e+00
6.321218e-02  2.291066e+00  0.000000e+00
6.379767e-02  2.290813e+00  0.000000e+00
6.438857e-02  2.290555e+00  0.000000e+00
6.498495e-02  2.290292e+00  0.000000e+00
6.558686e-02  2.290025e+00  0.000000e+00
6.619433e-02  2.289752e+00  0.000000e+00
6.680744e-02  2.289475e+00  0.000000e+00
6.742622e-02  2.289193e+00  0.000000e+00
6.805074e-02  2.288905e+00  0.000000e+00
6.868104e-02  2.288612e+00  0.000000e+00
6.931717e-02  2.288314e+00  0.000000e+00
6.995920e-02  2.288011e+00  0.000000e+00
7.060718e-02  2.287702e+00  0.000000e+00
7.126115e-02  2.287387e+00  0.000000e+00
7.192119e-02  2.287067e+00  0.000000e+00
7.258734e-02  2.286740e+00  0.000000e+00
7.325965e-02  2.286408e+00  0.000000e+00
7.393820e-02  2.286070e+00  0.000000e+00
7.462303e-02  2.285726e+00  0.000000e+00
7.531420e-02  2.285375e+00  0.000000e+00
7.601178e-02  2.285018e+00  0.000000e+00
7.671581e-02  2.284655e+00  0.000000e+00
7.742637e-02  2.284285e+00  0.000000e+00
7.814351e-02  2.283908e+00  0.000000e+00
7.886729e-02  2.283525e+00  0.000000e+00
7.959777e-02  2.283134e+00  0.000000e+00
8.033502e-02  2.282737e+00  0.000000e+00
8.107910e-02  2.282332e+00  0.000000e+00
8.183007e-02  2.281920e+00  0.000000e+00
8.258799e-02  2.281501e+00  0.000000e+00
8.335294e-02  2.281074e+00  0.000000e+00
8.412497e-02  2.280639e+00  0.000000e+00
8.490415e-02  2.280196e+00  0.000000e+00
8.569055e-02  2.279746e+00  0.000000e+00
8.648423e-02  2.279287e+00  0.000000e+00
8.728527e-02  2.278820e+00  0.000000e+00
8.809372e-02  2.278345e+00  0.000000e+00
8.890966e-02  2.277861e+00  0.000000e+00
8.973316e-02  2.277369e+00  0.000000e+00
9.056428e-02  2.276868e+00  0.000000e+00
9.140311e-02  2.276357e+00  0.000000e+00
9.224970e-02  2.275838e+00  0.000000e+00
9.310413e-02  2.275309e+00  0.000000e+00
9.396648e-02  2.274771e+00  0.000000e+00
9.483682e-02  2.274223e+00  0.000000e+00
9.571522e-02  2.273665e+00  0.000000e+00
9.660175e-02  2.273098e+00  0.000000e+00
9.749649e-02  2.272520e+00  0.000000e+00
9.839952e-02  2.271932e+00  0.000000e+00
9.931092e-02  2.271334e+00  0.000000e+00
1.002308e-01  2.270724e+00  0.000000e+00
1.011591e-01  2.270104e+00  0.000000e+00
1.020961e-01  2.269473e+00  0.000000e+00
1.030417e-01  2.268831e+00  0.000000e+00
1.039961e-01  2.268178e+00  0.000000e+00
1.049593e-01  2.267512e+00  0.000000e+00
1.059315e-01  2.266836e+00  0.000000e+00
1.069126e-01  2.266147e+00  0.000000e+00
1.079029e-01  2.265446e+00  0.000000e+00
1.089023e-01  2.264732e+00  0.000000e+00
1.099110e-01  2.264006e+00  0.000000e+00
1.109290e-01  2.263267e+00  0.000000e+00
1.119564e-01  2.262515e+00  0.000000e+00
1.129934e-01  2.261750e+00  0.000000e+00
1.140400e-01  2.260972e+00  0.000000e+00
1.150962e-01  2.260180e+00  0.000000e+00
1.161623e-01  2.259373e+00  0.000000e+00
1.172382e-01  2.258553e+00  0.000000e+00
1.183241e-01  2.257719e+00  0.000000e+00
1.194200e-01  2.256870e+00  0.000000e+00
1.205261e-01  2.256006e+00  0.000000e+00
1.216424e-01  2.255127e+00  0.000000e+00
1.227691e-01  2.254232e+00  0.000000e+00
1.239062e-01  2.253323e+00  0.000000e+00
1.250539e-01  2.252397e+00  0.000000e+00
1.262121e-01  2.251455e+00  0.000000e+00
1.273811e-01  2.250497e+00  0.000000e+00
1.285610e-01  2.249523e+00  0.000000e+00
1.297517e-01  2.248531e+00  0.000000e+00
1.309535e-01  2.247523e+00  0.000000e+00
1.321664e-01  2.246497e+00  0.000000e+00
1.333906e-01  2.245453e+00  0.000000e+00
1.346261e-01  2.244392e+00  0.000000e+00
1.358730e-01  2.243312e+00  0.000000e+00
1.371315e-01  2.242214e+00  0.000000e+00
1.384016e-01  2.241097e+00  0.000000e+00
1.396835e-01  2.239961e+00  0.000000e+00
1.409773e-01  2.238806e+00  0.000000e+00
1.422830e-01  2.237631e+00  0.000000e+00
1.436009e-01  2.236435e+00  0.000000e+00
1.449310e-01  2.235220e+00  0.000000e+00
1.462733e-01  2.233984e+00  0.000000e+00
1.476281e-01  2.232728e+00  0.000000e+00
1.489955e-01  2.231450e+00  0.000000e+00
1.503755e-01  2.230150e+00  0.000000e+00
1.517683e-01  2.228829e+00  0.000000e+00
1.531740e-01  2.227485e+00  0.000000e+00
1.545928e-01  2.226119e+00  0.000000e+00
1.560246e-01  2.224730e+00  0.000000e+00
1.574698e-01  2.223318e+00  0.000000e+00
1.589283e-01  2.221882e+00  0.000000e+00
1.604003e-01  2.220423e+00  0.000000e+00
1.618860e-01  2.218939e+00  0.000000e+00
1.633854e-01  2.217431e+00  0.000000e+00
1.648987e-01  2.215898e+00  0.000000e+00
1.664260e-01  2.214340e+00  0.000000e+00
1.679675e-01  2.212756e+00  0.000000e+00
1.695232e-01  2.211146e+00  0.000000e+00
1.710934e-01  2.209509e+00  0.000000e+00
1.726781e-01  2.207846e+00  0.000000e+00
1.742775e-01  2.206156e+00  0.000000e+00
1.758917e-01  2.204438e+00  0.000000e+00
1.775208e-01  2.202693e+00  0.000000e+00
1.791650e-01  2.200919e+00  0.000000e+00
1.808245e-01  2.199117e+00  0.000000e+00
1.824993e-01  2.197285e+00  0.000000e+00
1.841897e-01  2.195425e+00  0.000000e+00
1.858957e-01  2.193534e+00  0.000000e+00
1.876175e-01  2.191613e+00  0.000000e+00
1.893552e-01  2.189662e+00  0.000000e+00
1.911091e-01  2.187680e+00  0.000000e+00
1.928792e-01  2.185666e+00  0.000000e+00
1.946656e-01  2.183621e+00  0.000000e+00
1.964687e-01  2.181543e+00  0.000000e+00
1.982884e-01  2.179433e+00  0.000000e+00
2.001250e-01  2.177290e+00  0.000000e+00
2.019786e-01  2.175114e+00  0.000000e+00
2.038493e-01  2.172903e+00  0.000000e+00
2.057374e-01  2.170659e+00  0.000000e+00
2.076430e-01  2.168380e+00  0.000000e+00
2.095662e-01  2.166066e+00  0.000000e+00
2.115073e-01  2.163716e+00  0.000000e+00
2.134663e-01  2.161330e+00  0.000000e+00
2.154435e-01  2.158909e+00  0.000000e+00
2.174389e-01  2.156450e+00  0.000000e+00
2.194529e-01  2.153954e+00  0.000000e+00
2.214855e-01  2.151421e+00  0.000000e+00
2.235370e-01  2.148850e+00  0.000000e+00
2.256074e-01  2.146240e+00  0.000000e+00
2.276970e-01  2.143592e+00  0.000000e+00
2.298060e-01  2.140904e+00  0.000000e+00
2.319345e-01  2.138177e+00  0.000000e+00
2.340827e-01  2.135409e+00  0.000000e+00
2.362508e-01  2.132601e+00  0.000000e+00
2.384390e-01  2.129753e+00  0.000000e+00
2.406475e-01  2.126863e+00  0.000000e+00
2.428764e-01  2.123931e+00  0.000000e+00
2.451260e-01  2.120957e+00  0.000000e+00
2.473964e-01  2.117940e+00  0.000000e+00
2.496878e-01  2.114881e+00  0.000000e+00
2.520005e-01  2.111778e+00  0.000000e+00
2.543346e-01  2.108632e+00  0.000000e+00
2.566903e-01  2.105441e+00  0.000000e+00
2.590678e-01  2.102206e+00  0.000000e+00
2.614673e-01  2.098926e+00  0.000000e+00
2.638891e-01  2.095600e+00  0.000000e+00
2.663333e-01  2.092229e+00  0.000000e+00
2.688001e-01  2.088812e+00  0.000000e+00
2.712898e-01  2.085348e+00  0.000000e+00
2.738025e-01  2.081838e+00  0.000000e+00
2.763385e-01  2.078280e+00  0.000000e+00
2.788980e-01  2.074675e+00  0.000000e+00
2.814812e-01  2.071022e+00  0.000000e+00
2.840884e-01  2.067321e+00  0.000000e+00
2.867196e-01  2.063571e+00  0.000000e+00
2.893753e-01  2.059773e+00  0.000000e+00
2.920556e-01  2.055925e+00  0.000000e+00
2.947606e-01  2.052027e+00  0.000000e+00
2.974908e-01  2.048080e+00  0.000000e+00
3.002462e-01  2.044083e+00  0.000000e+00
3.030271e-01  2.040035e+00  0.000000e+00
3.058338e-01  2.035937e+00  0.000000e+00
3.086665e-01  2.031787e+00  0.000000e+00
3.115254e-01  2.027587e+00  0.000000e+00
3.144108e-01  2.023334e+00  0.000000e+00
3.173230e-01  2.019030e+00  0.000000e+00
3.202621e-01  2.014675e+00  0.000000e+00
3.232284e-01  2.010266e+00  0.000000e+00
3.262222e-01  2.005806e+00  0.000000e+00
3.292437e-01  2.001293e+00  0.000000e+00
3.322933e-01  1.996727e+00  0.000000e+00
3.353710e-01  1.992108e+00  0.000000e+00
3.384773e-01  1.987436e+00  0.000000e+00
3.416123e-01  1.982710e+00  0.000000e+00
3.447764e-01  1.977931e+00  0.000000e+00
3.479698e-01  1.973099e+00  0.000000e+00
3.511928e-01  1.968213e+00  0.000000e+00
3.544456e-01  1.963273e+00  0.000000e+00
3.577285e-01  1.958279e+00  0.000000e+00
3.610419e-01  1.953231e+00  0.000000e+00
3.643859e-01  1.948129e+00  0.000000e+00
3.677609e-01  1.942973e+00  0.000000e+00
3.711672e-01  1.937763e+00  0.000000e+00
3.746050e-01  1.932499e+00  0.000000e+00
3.780747e-01  1.927181e+00  0.000000e+00
3.815765e-01  1.921809e+00  0.000000e+00
3.851107e-01  1.916383e+00  0.000000e+00
3.886777e-01  1.910902e+00  0.000000e+00
3.922777e-01  1.905368e+00  0.000000e+00
3.959110e-01  1.899780e+00  0.000000e+00
3.995780e-01  1.894138e+00  0.000000e+00
4.032790e-01  1.888443e+00  0.000000e+00
4.070142e-01  1.882694e+00  0.000000e+00
4.107841e-01  1.876891e+00  0.000000e+00
4.145888e-01  1.871036e+00  0.000000e+00
4.184289e-01  1.865127e+00  0.000000e+00
4.223044e-01  1.859166e+00  0.000000e+00
4.262159e-01  1.853152e+00  0.000000e+00
4.301636e-01  1.847086e+00  0.000000e+00
4.341478e-01  1.840968e+00  0.000000e+00
4.381690e-01  1.834798e+00  0.000000e+00
4.422274e-01  1.828577e+00  0.000000e+00
4.463234e-01  1.822304e+00  0.000000e+00
4.504573e-01  1.815981e+00  0.000000e+00
4.546295e-01  1.809607e+00  0.000000e+00
4.588404e-01  1.803183e+00  0.000000e+00
4.630903e-01  1.796709e+00  0.000000e+00
4.673795e-01  1.790186e+00  0.000000e+00
4.717085e-01  1.783614e+00  0.000000e+00
4.760775e-01  1.776994e+00  0.000000e+00
4.804870e-01  1.770325e+00  0.000000e+00
4.849374e-01  1.763610e+00  0.000000e+00
4.894290e-01  1.756847e+00  0.000000e+00
4.939622e-01  1.750037e+00  0.000000e+00
4.985373e-01  1.743182e+00  0.000000e+00
5.031549e-01  1.736281e+00  0.000000e+00
5.078152e-01  1.729336e+00  0.000000e+00
5.125187e-01  1.722346e+00  0.000000e+00
5.172657e-01  1.715313e+00  0.000000e+00
5.220568e-01  1.708236e+00  0.000000e+00
5.268921e-01  1.701117e+00  0.000000e+00
5.317723e-01  1.693957e+00  0.000000e+00
5.366977e-01  1.686755e+00  0.000000e+00
5.416687e-01  1.679513e+00  0.000000e+00
5.466857e-01  1.672231e+00  0.000000e+00
5.517492e-01  1.664910e+00  0.000000e+00
5.568596e-01  1.657551e+00  0.000000e+00
5.620174e-01  1.650154e+00  0.000000e+00
5.672229e-01  1.642721e+00  0.000000e+00
5.724766e-01  1.635252e+00  0.000000e+00
5.777790e-01  1.627747e+00  0.000000e+00
5.831305e-01  1.620208e+00  0.000000e+00
5.885316e-01  1.612636e+00  0.000000e+00
5.939827e-01  1.605030e+00  0.000000e+00
5.994843e-01  1.597393e+00  0.000000e+00
6.050368e-01  1.589724e+00  0.000000e+00
6.106408e-01  1.582026e+00  0.000000e+00
6.162966e-01  1.574297e+00  0.000000e+00
6.220049e-01  1.566541e+00  0.000000e+00
6.277660e-01  1.558756e+00  0.000000e+00
6.335805e-01  1.550945e+00  0.000000e+00
6.394488e-01  1.543108e+00  0.000000e+00
6.453715e-01  1.535247e+00  0.000000e+00
6.513491e-01  1.527361e+00  0.000000e+00
6.573820e-01  1.519452e+00  0.000000e+00
6.634708e-01  1.511520e+00  0.000000e+00
6.696160e-01  1.503568e+00  0.000000e+00
6.758181e-01  1.495595e+00  0.000000e+00
6.820777e-01  1.487603e+00  0.000000e+00
6.883952e-01  1.479592e+00  0.000000e+00
6.947713e-01  1.471564e+00  0.000000e+00
7.012064e-01  1.463520e+00  0.000000e+00
7.077011e-01  1.455460e+00  0.000000e+00
7.142559e-01  1.447385e+00  0.000000e+00
7.208715e-01  1.439297e+00  0.000000e+00
7.275484e-01  1.431195e+00  0.000000e+00
7.342870e-01  1.423083e+00  0.000000e+00
7.410882e-01  1.414959e+00  0.000000e+00
7.479523e-01  1.406826e+00  0.000000e+00
7.548799e-01  1.398684e+00  0.000000e+00
7.618718e-01  1.390534e+00  0.000000e+00
7.689284e-01  1.382377e+00  0.000000e+00
7.760503e-01  1.374214e+00  0.000000e+00
7.832383e-01  1.366046e+00  0.000000e+00
7.904928e-01  1.357874e+00  0.000000e+00
7.978145e-01  1.349699e+00  0.000000e+00
8.052040e-01  1.341522e+00  0.000000e+00
8.126619e-01  1.333343e+00  0.000000e+00
8.201889e-01  1.325164e+00  0.000000e+00
8.277857e-01  1.316986e+00  0.000000e+00
8.354528e-01  1.308809e+00  0.000000e+00
8.431909e-01  1.300635e+00  0.000000e+00
8.510007e-01  1.292464e+00  0.000000e+00
8.588829e-01  1.284298e+00  0.000000e+00
8.668380e-01  1.276136e+00  0.000000e+00
8.748668e-01  1.267981e+00  0.000000e+00
8.829700e-01  1.259833e+00  0.000000e+00
8.911482e-01  1.251692e+00  0.000000e+00
8.994022e-01  1.243560e+00  0.000000e+00
9.077327e-01  1.235437e+00  0.000000e+00
9.161402e-01  1.227325e+00  0.000000e+00
9.246257e-01  1.219224e+00  0.000000e+00
9.331898e-01  1.211135e+00  0.000000e+00
9.418332e-01  1.203059e+00  0.000000e+00
9.505566e-01  1.194996e+00  0.000000e+00
9.593608e-01  1.186948e+00  0.000000e+00
9.682466e-01  1.178915e+00  0.000000e+00
9.772147e-01  1.170897e+00  0.000000e+00
9.862658e-01  1.162897e+00  0.000000e+00
9.954008e-01  1.154914e+00  0.000000e+00
1.004620e+00  1.146949e+00  0.000000e+00
1.013925e+00  1.139002e+00  0.000000e+00
1.023317e+00  1.131076e+00  0.000000e+00
1.032795e+00  1.123169e+00  0.000000e+00
1.042361e+00  1.115284e+00  0.000000e+00
1.052015e+00  1.107420e+00  0.000000e+00
1.061759e+00  1.099579e+00  0.000000e+00
1.071593e+00  1.091760e+00  0.000000e+00
1.081519e+00  1.083965e+00  0.000000e+00
1.091536e+00  1.076194e+00  0.000000e+00
1.101646e+00  1.068447e+00  0.000000e+00
1.111850e+00  1.060727e+00  0.000000e+00
1.122148e+00  1.053032e+00  0.000000e+00
1.132541e+00  1.045363e+00  0.000000e+00
1.143031e+00  1.037721e+00  0.000000e+00
1.153618e+00  1.030107e+00  0.000000e+00
1.164303e+00  1.022521e+00  0.000000e+00
1.175087e+00  1.014964e+00  0.000000e+00
1.185971e+00  1.007436e+00  0.000000e+00
1.196956e+00  9.999372e-01  0.000000e+00
1.208042e+00  9.924686e-01  0.000000e+00
1.219231e+00  9.850304e-01  0.000000e+00
1.230524e+00  9.776232e-01  0.000000e+00
1.241921e+00  9.702474e-01  0.000000e+00
1.253424e+00  9.629033e-01  0.000000e+00
1.265034e+00  9.555914e-01  0.000000e+00
1.276751e+00  9.483121e-01  0.000000e+00
1.288576e+00  9.410657e-01  0.000000e+00
1.300511e+00  9.338527e-01  0.000000e+00
1.312557e+00  9.266733e-01  0.000000e+00
1.324714e+00  9.195279e-01  0.000000e+00
1.336984e+00  9.124169e-01  0.000000e+00
1.349367e+00  9.053405e-01  0.000000e+00
1.361865e+00  8.982991e-01  0.000000e+00
1.374479e+00  8.912929e-01  0.000000e+00
1.387210e+00  8.843222e-01  0.000000e+00
1.400058e+00  8.773874e-01  0.000000e+00
1.413026e+00  8.704886e-01  0.000000e+00
1.426114e+00  8.636260e-01  0.000000e+00
1.439323e+00  8.568000e-01  0.000000e+00
1.452654e+00  8.500107e-01  0.000000e+00
1.466109e+00  8.432584e-01  0.000000e+00
1.479688e+00  8.365433e-01  0.000000e+00
1.493393e+00  8.298654e-01  0.000000e+00
1.507225e+00  8.232251e-01  0.000000e+00
1.521186e+00  8.166225e-01  0.000000e+00
1.535275e+00  8.100577e-01  0.000000e+00
1.549495e+00  8.035309e-01  0.000000e+00
1.563847e+00  7.970422e-01  0.000000e+00
1.578331e+00  7.905918e-01  0.000000e+00
1.592950e+00  7.841797e-01  0.000000e+00
1.607704e+00  7.778061e-01  0.000000e+00
1.622595e+00  7.714710e-01  0.000000e+00
1.637624e+00  7.651746e-01  0.000000e+00
1.652792e+00  7.589170e-01  0.000000e+00
1.668101e+00  7.526981e-01  0.000000e+00
1.683551e+00  7.465182e-01  0.000000e+00
1.699144e+00  7.403771e-01  0.000000e+00
1.714882e+00  7.342750e-01  0.000000e+00
1.730766e+00  7.282119e-01  0.000000e+00
1.746796e+00  7.221879e-01  0.000000e+00
1.762975e+00  7.162029e-01  0.000000e+00
1.779304e+00  7.102569e-01  0.000000e+00
1.795785e+00  7.043501e-01  0.000000e+00
1.812418e+00  6.984823e-01  0.000000e+00
1.829205e+00  6.926535e-01  0.000000e+00
1.846147e+00  6.868638e-01  0.000000e+00
1.863246e+00  6.811132e-01  0.000000e+00
1.880504e+00  6.754015e-01  0.000000e+00
1.897922e+00  6.697288e-01  0.000000e+00
1.915501e+00  6.640950e-01  0.000000e+00
1.933242e+00  6.585001e-01  0.000000e+00
1.951148e+00  6.529440e-01  0.000000e+00
1.969220e+00  6.474266e-01  0.000000e+00
1.987460e+00  6.419480e-01  0.000000e+00
2.005868e+00  6.365079e-01  0.000000e+00
2.024447e+00  6.311064e-01  0.000000e+00
2.043197e+00  6.257434e-01  0.000000e+00
2.062122e+00  6.204187e-01  0.000000e+00
2.081222e+00  6.151323e-01  0.000000e+00
2.100498e+00  6.098841e-01  0.000000e+00
2.119953e+00  6.046740e-01  0.000000e+00
2.139589e+00  5.995018e-01  0.000000e+00
2.159406e+00  5.943676e-01  0.000000e+00
2.179407e+00  5.892710e-01  0.000000e+00
2.199593e+00  5.842122e-01  0.000000e+00
2.219966e+00  5.791908e-01  0.000000e+00
2.240528e+00  5.742068e-01  0.000000e+00
2.261280e+00  5.692600e-01  0.000000e+00
2.282224e+00  5.643504e-01  0.000000e+00
2.303363e+00  5.594778e-01  0.000000e+00
2.324697e+00  5.546420e-01  0.000000e+00
2.346229e+00  5.498429e-01  0.000000e+00
2.367960e+00  5.450803e-01  0.000000e+00
2.389893e+00  5.403542e-01  0.000000e+00
2.412028e+00  5.356643e-01  0.000000e+00
2.434369e+00  5.310105e-01  0.000000e+00
2.456916e+00  5.263926e-01  0.000000e+00
2.479673e+00  5.218105e-01  0.000000e+00
2.502640e+00  5.172640e-01  0.000000e+00
2.525820e+00  5.127529e-01  0.000000e+00
2.549215e+00  5.082772e-01  0.000000e+00
2.572826e+00  5.038365e-01  0.000000e+00
2.596656e+00  4.994308e-01  0.000000e+00
2.620707e+00  4.950598e-01  0.000000e+00
2.644980e+00  4.907234e-01  0.000000e+00
2.669478e+00  4.864214e-01  0.000000e+00
2.694204e+00  4.821536e-01  0.000000e+00
2.719158e+00  4.779199e-01  0.000000e+00
2.744343e+00  4.737201e-01  0.000000e+00
2.769762e+00  4.695539e-01  0.000000e+00
2.795416e+00  4.654212e-01  0.000000e+00
2.821308e+00  4.613218e-01  0.000000e+00
2.847439e+00  4.572556e-01  0.000000e+00
2.873813e+00  4.532222e-01  0.000000e+00
2.900430e+00  4.492216e-01  0.000000e+00
2.927295e+00  4.452536e-01  0.000000e+00
2.954408e+00  4.413179e-01  0.000000e+00
2.981772e+00  4.374144e-01  0.000000e+00
3.009390e+00  4.335428e-01  0.000000e+00
3.037264e+00  4.297030e-01  0.000000e+00
3.065395e+00  4.258948e-01  0.000000e+00
3.093788e+00  4.221180e-01  0.000000e+00
3.122443e+00  4.183723e-01  0.000000e+00
3.151363e+00  4.146577e-01  0.000000e+00
3.180552e+00  4.109738e-01  0.000000e+00
3.210011e+00  4.073206e-01  0.000000e+00
3.239743e+00  4.036977e-01  0.000000e+00
3.269750e+00  4.001050e-01  0.000000e+00
3.300035e+00  3.965424e-01  0.000000e+00
3.330600e+00  3.930095e-01  0.000000e+00
3.361449e+00  3.895063e-01  0.000000e+00
3.392583e+00  3.860324e-01  0.000000e+00
3.424006e+00  3.825878e-01  0.000000e+00
3.455720e+00  3.791722e-01  0.000000e+00
3.487727e+00  3.757853e-01  0.000000e+00
3.520031e+00  3.724271e-01  0.000000e+00
3.552635e+00  3.690973e-01  0.000000e+00
3.585540e+00  3.657958e-01  0.000000e+00
3.618750e+00  3.625222e-01  0.000000e+00
3.652267e+00  3.592765e-01  0.000000e+00
3.686095e+00  3.560584e-01  0.000000e+00
3.720237e+00  3.528677e-01  0.000000e+00
3.754694e+00  3.497043e-01  0.000000e+00
3.789471e+00  3.465679e-01  0.000000e+00
3.824570e+00  3.434583e-01  0.000000e+00
3.859994e+00  3.403754e-01  0.000000e+00
3.895746e+00  3.373189e-01  0.000000e+00
3.931829e+00  3.342887e-01  0.000000e+00
3.968246e+00  3.312845e-01  0.000000e+00
4.005001e+00  3.283062e-01  0.000000e+00
4.042096e+00  3.253536e-01  0.000000e+00
4.079535e+00  3.224265e-01  0.000000e+00
4.117320e+00  3.195246e-01  0.000000e+00
4.155455e+00  3.166479e-01  0.000000e+00
4.193944e+00  3.137961e-01  0.000000e+00
4.232789e+00  3.109689e-01  0.000000e+00
4.271994e+00  3.081664e-01  0.000000e+00
4.311562e+00  3.053882e-01  0.000000e+00
4.351497e+00  3.026341e-01  0.000000e+00
4.391801e+00  2.999040e-01  0.000000e+00
4.432479e+00  2.971977e-01  0.000000e+00
4.473533e+00  2.945150e-01  0.000000e+00
4.514968e+00  2.918557e-01  0.000000e+00
4.556786e+00  2.892197e-01  0.000000e+00
4.598992e+00  2.866067e-01  0.000000e+00
4.641589e+00  2.840165e-01  0.000000e+00
4.684580e+00  2.814491e-01  0.000000e+00
4.727970e+00  2.789042e-01  0.000000e+00
4.771761e+00  2.763816e-01  0.000000e+00
4.815958e+00  2.738812e-01  0.000000e+00
4.860564e+00  2.714027e-01  0.000000e+00
4.905584e+00  2.689461e-01  0.000000e+00
4.951020e+00  2.665111e-01  0.000000e+00
4.996877e+00  2.640975e-01  0.000000e+00
5.043159e+00  2.617052e-01  0.000000e+00
5.089870e+00  2.593341e-01  0.000000e+00
5.137014e+00  2.569838e-01  0.000000e+00
5.184594e+00  2.546544e-01  0.000000e+00
5.232614e+00  2.523455e-01  0.000000e+00
5.281080e+00  2.500571e-01  0.000000e+00
5.329994e+00  2.477889e-01  0.000000e+00
5.379362e+00  2.455408e-01  0.000000e+00
5.429186e+00  2.433127e-01  0.000000e+00
5.479472e+00  2.411043e-01  0.000000e+00
5.530224e+00  2.389155e-01  0.000000e+00
5.581446e+00  2.367462e-01  0.000000e+00
5.633143e+00  2.345961e-01  0.000000e+00
5.685318e+00  2.324652e-01  0.000000e+00
5.737976e+00  2.303532e-01  0.000000e+00
5.791123e+00  2.282600e-01  0.000000e+00
5.844761e+00  2.261855e-01  0.000000e+00
5.898896e+00  2.241295e-01  0.000000e+00
5.953533e+00  2.220918e-01  0.000000e+00
6.008676e+00  2.200723e-01  0.000000e+00
6.064329e+00  2.180708e-01  0.000000e+00
6.120498e+00  2.160872e-01  0.000000e+00
6.177188e+00  2.141213e-01  0.000000e+00
6.234402e+00  2.121730e-01  0.000000e+00
6.292146e+00  2.102422e-01  0.000000e+00
6.350425e+00  2.083286e-01  0.000000e+00
6.409244e+00  2.064321e-01  0.000000e+00
6.468608e+00  2.045526e-01  0.000000e+00
6.528521e+00  2.026900e-01  0.000000e+00
6.588990e+00  2.008440e-01  0.000000e+00
6.650018e+00  1.990147e-01  0.000000e+00
6.711612e+00  1.972017e-01  0.000000e+00
6.773776e+00  1.954050e-01  0.000000e+00
6.836516e+00  1.936245e-01  0.000000e+00
6.899837e+00  1.918599e-01  0.000000e+00
6.963745e+00  1.901112e-01  0.000000e+00
7.028244e+00  1.883782e-01  0.000000e+00
7.093341e+00  1.866608e-01  0.000000e+00
7.159041e+00  1.849589e-01  0.000000e+00
7.225349e+00  1.832723e-01  0.000000e+00
7.292272e+00  1.816008e-01  0.000000e+00
7.359814e+00  1.799445e-01  0.000000e+00
7.427982e+00  1.783030e-01  0.000000e+00
7.496782e+00  1.766763e-01  0.000000e+00
7.566219e+00  1.750643e-01  0.000000e+00
7.636298e+00  1.734669e-01  0.000000e+00
7.707027e+00  1.718838e-01  0.000000e+00
7.778411e+00  1.703151e-01  0.000000e+00
7.850456e+00  1.687605e-01  0.000000e+00
7.923169e+00  1.672199e-01  0.000000e+00
7.996555e+00  1.656933e-01  0.000000e+00
8.070620e+00  1.641805e-01  0.000000e+00
8.145372e+00  1.626813e-01  0.000000e+00
8.220816e+00  1.611957e-01  0.000000e+00
8.296959e+00  1.597235e-01  0.000000e+00
8.373807e+00  1.582646e-01  0.000000e+00
8.451366e+00  1.568189e-01  0.000000e+00
8.529644e+00  1.553863e-01  0.000000e+00
8.608648e+00  1.539667e-01  0.000000e+00
8.688383e+00  1.525600e-01  0.000000e+00
8.768856e+00  1.511659e-01  0.000000e+00
8.850075e+00  1.497846e-01  0.000000e+00
8.932046e+00  1.484157e-01  0.000000e+00
9.014776e+00  1.470592e-01  0.000000e+00
9.098273e+00  1.457150e-01  0.000000e+00
9.182543e+00  1.443831e-01  0.000000e+00
9.267593e+00  1.430632e-01  0.000000e+00
9.353432e+00  1.417552e-01  0.000000e+00
9.440065e+00  1.404592e-01  0.000000e+00
9.527500e+00  1.391749e-01  0.000000e+00
9.615746e+00  1.379022e-01  0.000000e+00
9.704809e+00  1.366411e-01  0.000000e+00
9.794697e+00  1.353915e-01  0.000000e+00
9.885417e+00  1.341532e-01  0.000000e+00
9.976978e+00  1.329262e-01  0.000000e+00
1.006939e+01  1.317103e-01  0.000000e+00
1.016265e+01  1.305055e-01  0.000000e+00
1.025678e+01  1.293116e-01  0.000000e+00
1.035178e+01  1.281285e-01  0.000000e+00
1.044766e+01  1.269563e-01  0.000000e+00
1.054443e+01  1.257947e-01  0.000000e+00
1.064209e+01  1.246436e-01  0.000000e+00
1.074066e+01  1.235030e-01  0.000000e+00
1.084014e+01  1.223728e-01  0.000000e+00
1.094055e+01  1.212529e-01  0.000000e+00
1.104188e+01  1.201432e-01  0.000000e+00
1.114415e+01  1.190436e-01  0.000000e+00
1.124737e+01  1.179540e-01  0.000000e+00
1.135155e+01  1.168743e-01  0.000000e+00
1.145669e+01  1.158044e-01  0.000000e+00
1.156280e+01  1.147443e-01  0.000000e+00
1.166990e+01  1.136938e-01  0.000000e+00
1.177799e+01  1.126530e-01  0.000000e+00
1.188708e+01  1.116215e-01  0.000000e+00
1.199718e+01  1.105995e-01  0.000000e+00
1.210830e+01  1.095869e-01  0.000000e+00
1.222045e+01  1.085834e-01  0.000000e+00
1.233363e+01  1.075891e-01  0.000000e+00
1.244787e+01  1.066039e-01  0.000000e+00
1.256317e+01  1.056276e-01  0.000000e+00
1.267953e+01  1.046602e-01  0.000000e+00
1.279697e+01  1.037017e-01  0.000000e+00
1.291550e+01  1.027519e-01  0.000000e+00
1.303512e+01  1.018108e-01  0.000000e+00
1.315586e+01  1.008782e-01  0.000000e+00
1.327771e+01  9.995422e-02  0.000000e+00
1.340069e+01  9.903862e-02  0.000000e+00
1.352481e+01  9.813138e-02  0.000000e+00
1.365008e+01  9.723242e-02  0.000000e+00
1.377651e+01  9.634167e-02  0.000000e+00
1.390411e+01  9.545904e-02  0.000000e+00
1.403289e+01  9.458448e-02  0.000000e+00
1.416287e+01  9.371790e-02  0.000000e+00
1.429405e+01  9.285924e-02  0.000000e+00
1.442644e+01  9.200842e-02  0.000000e+00
1.456006e+01  9.116536e-02  0.000000e+00
1.469492e+01  9.033001e-02  0.000000e+00
1.483103e+01  8.950229e-02  0.000000e+00
1.496839e+01  8.868214e-02  0.000000e+00
1.510703e+01  8.786947e-02  0.000000e+00
1.524696e+01  8.706423e-02  0.000000e+00
1.538818e+01  8.626635e-02  0.000000e+00
1.553071e+01  8.547576e-02  0.000000e+00
1.567455e+01  8.469240e-02  0.000000e+00
1.581973e+01  8.391620e-02  0.000000e+00
1.596626e+01  8.314709e-02  0.000000e+00
1.611414e+01  8.238501e-02  0.000000e+00
1.626340e+01  8.162990e-02  0.000000e+00
1.641403e+01  8.088170e-02  0.000000e+00
1.656606e+01  8.014033e-02  0.000000e+00
1.671950e+01  7.940575e-02  0.000000e+00
1.687436e+01  7.867788e-02  0.000000e+00
1.703065e+01  7.795667e-02  0.000000e+00
1.718839e+01  7.724205e-02  0.000000e+00
1.734759e+01  7.653397e-02  0.000000e+00
1.750827e+01  7.583237e-02  0.000000e+00
1.767044e+01  7.513718e-02  0.000000e+00
1.783410e+01  7.444836e-02  0.000000e+00
1.799929e+01  7.376583e-02  0.000000e+00
1.816600e+01  7.308955e-02  0.000000e+00
1.833425e+01  7.241946e-02  0.000000e+00
1.850407e+01  7.175550e-02  0.000000e+00
1.867546e+01  7.109762e-02  0.000000e+00
1.884843e+01  7.044576e-02  0.000000e+00
1.902301e+01  6.979986e-02  0.000000e+00
1.919921e+01  6.915987e-02  0.000000e+00
1.937703e+01  6.852574e-02  0.000000e+00
1.955651e+01  6.789742e-02  0.000000e+00
1.973764e+01  6.727484e-02  0.000000e+00
1.992046e+01  6.665797e-02  0.000000e+00
2.010496e+01  6.604674e-02  0.000000e+00
2.029118e+01  6.544111e-02  0.000000e+00
2.047912e+01  6.484102e-02  0.000000e+00
2.066880e+01  6.424642e-02  0.000000e+00
2.086024e+01  6.365727e-02  0.000000e+00
2.105345e+01  6.307352e-02  0.000000e+00
2.124845e+01  6.249511e-02  0.000000e+00
2.144526e+01  6.192200e-02  0.000000e+00
2.164389e+01  6.135413e-02  0.000000e+00
2.184436e+01  6.079147e-02  0.000000e+00
2.204669e+01  6.023395e-02  0.000000e+00
2.225089e+01  5.968155e-02  0.000000e+00
2.245698e+01  5.913420e-02  0.000000e+00
2.266498e+01  5.859187e-02  0.000000e+00
2.287491e+01  5.805450e-02  0.000000e+00
2.308678e+01  5.752206e-02  0.000000e+00
2.330061e+01  5.699449e-02  0.000000e+00
2.351643e+01  5.647176e-02  0.000000e+00
2.373424e+01  5.595381e-02  0.000000e+00
2.395407e+01  5.544061e-02  0.000000e+00
2.417594e+01  5.493212e-02  0.000000e+00
2.439986e+01  5.442828e-02  0.000000e+00
2.462586e+01  5.392905e-02  0.000000e+00
2.485395e+01  5.343440e-02  0.000000e+00
2.508415e+01  5.294428e-02  0.000000e+00
2.531648e+01  5.245866e-02  0.000000e+00
2.555097e+01  5.197748e-02  0.000000e+00
2.578763e+01  5.150071e-02  0.000000e+00
2.602648e+01  5.102831e-02  0.000000e+00
2.626754e+01  5.056024e-02  0.000000e+00
2.651084e+01  5.009646e-02  0.000000e+00
2.675638e+01  4.963693e-02  0.000000e+00
2.700421e+01  4.918161e-02  0.000000e+00
2.725433e+01  4.873047e-02  0.000000e+00
2.750676e+01  4.828346e-02  0.000000e+00
2.776153e+01  4.784054e-02  0.000000e+00
2.801867e+01  4.740169e-02  0.000000e+00
2.827818e+01  4.696685e-02  0.000000e+00
2.854010e+01  4.653601e-02  0.000000e+00
2.880444e+01  4.610911e-02  0.000000e+00
2.907123e+01  4.568612e-02  0.000000e+00
2.934050e+01  4.526702e-02  0.000000e+00
2.961225e+01  4.485175e-02  0.000000e+00
2.988653e+01  4.444029e-02  0.000000e+00
3.016334e+01  4.403261e-02  0.000000e+00
3.044272e+01  4.362866e-02  0.000000e+00
3.072469e+01  4.322841e-02  0.000000e+00
3.100927e+01  4.283183e-02  0.000000e+00
3.129648e+01  4.243889e-02  0.000000e+00
3.158635e+01  4.204955e-02  0.000000e+00
3.187891e+01  4.166378e-02  0.000000e+00
3.217418e+01  4.128155e-02  0.000000e+00
3.247218e+01  4.090282e-02  0.000000e+00
3.277295e+01  4.052756e-02  0.000000e+00
3.307650e+01  4.015575e-02  0.000000e+00
3.338286e+01  3.978734e-02  0.000000e+00
3.369206e+01  3.942231e-02  0.000000e+00
3.400412e+01  3.906063e-02  0.000000e+00
3.431907e+01  3.870227e-02  0.000000e+00
3.463694e+01  3.834719e-02  0.000000e+00
3.495776e+01  3.799536e-02  0.000000e+00
3.528154e+01  3.764677e-02  0.000000e+00
3.560833e+01  3.730137e-02  0.000000e+00
3.593814e+01  3.695913e-02  0.000000e+00
3.627100e+01  3.662004e-02  0.000000e+00
3.660695e+01  3.628405e-02  0.000000e+00
3.694601e+01  3.595115e-02  0.000000e+00
3.728821e+01  3.562130e-02  0.000000e+00
3.763358e+01  3.529447e-02  0.000000e+00
3.798215e+01  3.497064e-02  0.000000e+00
3.833395e+01  3.464978e-02  0.000000e+00
3.868901e+01  3.433187e-02  0.000000e+00
3.904735e+01  3.401687e-02  0.000000e+00
3.940902e+01  3.370476e-02  0.000000e+00
3.977403e+01  3.339551e-02  0.000000e+00
4.014242e+01  3.308909e-02  0.000000e+00
4.051423e+01  3.278549e-02  0.000000e+00
4.088948e+01  3.248467e-02  0.000000e+00
4.126821e+01  3.218661e-02  0.000000e+00
4.165044e+01  3.189129e-02  0.000000e+00
4.203622e+01  3.159867e-02  0.000000e+00
4.242556e+01  3.130874e-02  0.000000e+00
4.281852e+01  3.102146e-02  0.000000e+00
4.321511e+01  3.073682e-02  0.000000e+00
4.361538e+01  3.045480e-02  0.000000e+00
4.401935e+01  3.017536e-02  0.000000e+00
4.442707e+01  2.989848e-02  0.000000e+00
4.483856e+01  2.962414e-02  0.000000e+00
4.525386e+01  2.935232e-02  0.000000e+00
4.567301e+01  2.908299e-02  0.000000e+00
4.609604e+01  2.881613e-02  0.000000e+00
4.652300e+01  2.855172e-02  0.000000e+00
4.695390e+01  2.828974e-02  0.000000e+00
4.738880e+01  2.803016e-02  0.000000e+00
4.782772e+01  2.777296e-02  0.000000e+00
4.827071e+01  2.751811e-02  0.000000e+00
4.871780e+01  2.726561e-02  0.000000e+00
4.916904e+01  2.701542e-02  0.000000e+00
4.962445e+01  2.676753e-02  0.000000e+00
5.008408e+01  2.652192e-02  0.000000e+00
5.054797e+01  2.627855e-02  0.000000e+00
5.101615e+01  2.603742e-02  0.000000e+00
5.148867e+01  2.579850e-02  0.000000e+00
5.196557e+01  2.556177e-02  0.000000e+00
5.244689e+01  2.532721e-02  0.000000e+00
5.293266e+01  2.509481e-02  0.000000e+00
5.342293e+01  2.486454e-02  0.000000e+00
5.391775e+01  2.463638e-02  0.000000e+00
5.441714e+01  2.441031e-02  0.000000e+00
5.492116e+01  2.418632e-02  0.000000e+00
5.542986e+01  2.396438e-02  0.000000e+00
5.594326e+01  2.374448e-02  0.000000e+00
5.646141e+01  2.352659e-02  0.000000e+00
5.698437e+01  2.331071e-02  0.000000e+00
5.751217e+01  2.309680e-02  0.000000e+00
5.804486e+01  2.288486e-02  0.000000e+00
5.858248e+01  2.267486e-02  0.000000e+00
5.912508e+01  2.246679e-02  0.000000e+00
5.967271e+01  2.226063e-02  0.000000e+00
6.022541e+01  2.205636e-02  0.000000e+00
6.078323e+01  2.185396e-02  0.000000e+00
6.134622e+01  2.165342e-02  0.000000e+00
6.191442e+01  2.145472e-02  0.000000e+00
6.248788e+01  2.125785e-02  0.000000e+00
6.306666e+01  2.106278e-02  0.000000e+00
6.365079e+01  2.086949e-02  0.000000e+00
6.424034e+01  2.067799e-02  0.000000e+00
6.483534e+01  2.048824e-02  0.000000e+00
6.543586e+01  2.030023e-02  0.000000e+00
6.604194e+01  2.011394e-02  0.000000e+00
6.665363e+01  1.992937e-02  0.000000e+00
6.727099e+01  1.974649e-02  0.000000e+00
6.789407e+01  1.956528e-02  0.000000e+00
6.852292e+01  1.938574e-02  0.000000e+00
6.915759e+01  1.920785e-02  0.000000e+00
6.979814e+01  1.903159e-02  0.000000e+00
7.044462e+01  1.885694e-02  0.000000e+00
7.109709e+01  1.868390e-02  0.000000e+00
7.175561e+01  1.851245e-02  0.000000e+00
7.242022e+01  1.834257e-02  0.000000e+00
7.309099e+01  1.817424e-02  0.000000e+00
7.376798e+01  1.800747e-02  0.000000e+00
7.445123e+01  1.784222e-02  0.000000e+00
7.514081e+01  1.767849e-02  0.000000e+00
7.583678e+01  1.751626e-02  0.000000e+00
7.653919e+01  1.735552e-02  0.000000e+00
7.724811e+01  1.719625e-02  0.000000e+00
7.796360e+01  1.703845e-02  0.000000e+00
7.868572e+01  1.688209e-02  0.000000e+00
7.941452e+01  1.672717e-02  0.000000e+00
8.015007e+01  1.657367e-02  0.000000e+00
8.089243e+01  1.642158e-02  0.000000e+00
8.164168e+01  1.627088e-02  0.000000e+00
8.239786e+01  1.612157e-02  0.000000e+00
8.316104e+01  1.597363e-02  0.000000e+00
8.393129e+01  1.582704e-02  0.000000e+00
8.470868e+01  1.568180e-02  0.000000e+00
8.549327e+01  1.553789e-02  0.000000e+00
8.628513e+01  1.539531e-02  0.000000e+00
8.708431e+01  1.525403e-02  0.000000e+00
8.789091e+01  1.511405e-02  0.000000e+00
8.870497e+01  1.497535e-02  0.000000e+00
8.952657e+01  1.483792e-02  0.000000e+00
9.035578e+01  1.470176e-02  0.000000e+00
9.119268e+01  1.456684e-02  0.000000e+00
9.203732e+01  1.443317e-02  0.000000e+00
9.288979e+01  1.430072e-02  0.000000e+00
9.375015e+01  1.416948e-02  0.000000e+00
9.461848e+01  1.403945e-02  0.000000e+00
9.549486e+01  1.391061e-02  0.000000e+00
9.637935e+01  1.378296e-02  0.000000e+00
9.727203e+01  1.365648e-02  0.000000e+00
9.817298e+01  1.353115e-02  0.000000e+00
9.908228e+01  1.340698e-02  0.000000e+00
1.000000e+02  1.328395e-02  0.000000e+00
